0.39751946805579025, -0.004878340275963461, 0.7344933049758411, 0.42710746388119547, -0.02207508703554051, 0.1498762099096378
0.24378907548362314, -0.0030333033506732138, 0.5222681207574424, 0.2581591035868796, -0.006337502694513699, 0.4122272181023181
0.24648226856103708, 0.0317132902705226, 0.6607391104407787, 0.37727016083116033, 0.03855793128576576, 0.06487155480425655
0.632952893671477, -0.19086340042918082, 0.3395572603513153, 0.18743426584047188, -0.4208828655221283, 0.11759958745060152
0.09268238685383232, -0.014296674719152873, 0.9056933204454114, 0.4068561840431986, -0.028429012888109145, 0.08731240178021378
0.15376011137354634, 0.03325172514704114, 0.7365737304811453, 0.38559239741458073, 0.05115797797783198, 0.41335721819827065
0.3334860075576443, 0.06837705417918576, 0.7002057354798222, 0.26828180073235575, 0.14216188810873398, 0.058919159932619654
0.29202903368848593, -0.003815365849407886, 0.2959359690303056, 0.2161788575576919, -0.009307889825723498, 0.44843496765572416
0.5768774882669419, -0.1156080826571939, 0.6560195054687393, 0.22684969182413695, -0.24155110870000557, 0.47526849106101765
0.16729528043512132, 0.00682134486041119, 0.7831587122015484, 0.23734651364304402, 0.012954321842335031, 0.22840325883117898
0.2976554710495661, 0.059718216070320115, 0.6247648760451764, 0.41658925116545165, 0.07333760806351389, 0.17495902894092066
0.5155130161014918, -0.04955925732302486, 0.22826597774798482, 0.034919614178554, -0.3241969616097361, 0.3390159442800465
0.46992284848316296, -0.055568936076685616, 0.7846945828629337, 0.2685656654679834, -0.09045539484845076, 0.38836989213284306
0.29017676185544167, 0.003531354846974275, 0.9598086123651243, 0.3325525415657593, 0.0034295278089650915, 0.03883380611442247
0.3237316139658304, -0.041719081463235864, 0.3093173825092398, 0.1588245030858059, -0.09096102661447229, 0.07322718931658105
0.2501295406864458, -0.11170865196407416, 0.8573992936024625, 0.5010025696227953, -0.1579197741928716, 0.02551253737763082
0.221016576425147, -0.04303873442457986, 0.4091225984169521, 0.2410704330804325, -0.07439253738708665, 0.1136525448619225
0.5066198606697639, 0.04493671096034338, 0.5898072668312523, 0.3444590331913372, 0.06578765669328143, 0.006159296297656342
0.1384351339719859, -0.01206193486118741, 0.5778272769622405, 0.3444751919362519, -0.020531157368186104, 0.10822536130248883
0.5558550848573175, 0.14859225231158046, 0.6599754149461674, 0.4446053932762934, 0.2001809072769102, 0.0021167607431222045
0.2703432485493229, -0.10846725587241096, 1.025488155301612, 0.42018192770243296, -0.15816124366525058, 0.053014511543910355
0.1375295789952737, 0.008741490149895555, 0.5651216215241838, 0.3031834569181839, 0.012642535980378865, 0.2681919946041527
0.32152856447416633, 0.04814230308155369, 0.5365334385133874, 0.2624559360686271, 0.09605895037543753, 0.08102578152808391
0.39207936354786255, 0.05616780965148799, 0.7485965036513009, 0.3497206518366808, 0.11570448096054445, 0.3339707325840333
0.465666094557653, 0.04851897101710332, 0.7042308969550972, 0.38990057663398225, 0.09755773564293882, 0.10940310788136884
0.5054310614799309, 0.016825520208267407, 0.7055979625316168, 0.2494820651169752, 0.02376864868743694, 0.1112174742326164
0.6397895406430143, 0.08753549436676619, 0.2599478336227775, 0.08691422560628538, 0.27888911344959055, 0.04087098938599874
0.10158435067935719, 0.027397646634121826, 0.5609384251157319, 0.37995969715171485, 0.03838761333089076, 0.11607169999691927
0.36983322859359263, 0.04337537196799221, 0.771003300044764, 0.24609363028821513, 0.09186131480234222, 0.17731452209868062
0.1533067364577522, -0.029643623589239058, 0.7399977040568733, 0.30419209568537475, -0.0527374609683903, 0.3723111583748707
0.28524405377189255, -0.05053641287410688, 0.3187788516053197, 0.12354073326279737, -0.15691336731956787, 0.14589733633234045
0.34536251380928024, 0.003233575561110721, 0.9012220615309419, 0.299006529838599, -0.00010107581933577278, 0.37121298926753654
0.21620542204244766, -0.029663726474683526, 0.43569131838453934, 0.3510038136834892, -0.03541106175464937, 0.10189099456743138
0.31431467299668936, -0.07661167373540882, 0.6638527948397757, 0.28586013633383534, -0.12482108119871298, 0.1702639581197096
0.43903193151026676, 0.0024386005330537305, 0.7374933504098926, 0.250312105942352, 0.004977883054351848, 0.11729719305872692
0.1280950902843931, 0.013622411896241464, 0.6159414586044877, 0.47006623456758595, 0.027293599055104947, 0.49345990105642157
0.21953060407878272, 0.0031608492538287526, 0.6166043892453414, 0.2654135757387534, 0.008258574235092807, 0.10973733326186183
0.41925300600330767, 0.14843965132309422, 1.1543822959099137, 0.41872597569025016, 0.2313213103922357, 0.06063803331801214
0.06254514399937353, -0.0028225374522327473, 0.713591975154911, 0.3351260245862076, -0.004777394936588239, 0.009024085273310467
0.435032147750068, -0.016286734854522388, 0.570870628105426, 0.3352599758310749, -0.024606462451602827, 0.5880615992302439
0.21257022294531808, -0.007671560705893141, 0.5080385921898486, 0.22588029490766431, -0.03512073646413652, 0.2058350879007483
0.17314292486403782, -0.03706128841516098, 0.6412232230788082, 0.3467875827470832, -0.06609179844710787, 0.0891108526371522
0.41385164432783816, -0.02511437528009976, 0.8159851147756788, 0.4600938639670169, -0.021478648439901434, 0.03846774974531109
0.10750818333859506, -0.02628123128414157, 0.7047708329506484, 0.284666487162795, -0.046766971848565805, 0.22077973705707726
0.12839044505459316, -0.004887503818287026, 0.8644437515035679, 0.28375658989611136, -0.003019698368166774, 0.09024085273310467
0.5007590197023337, -0.0341770102689984, 0.9989511556867128, 0.43092011591841506, -0.006998682925979343, 0.15842283035367258
0.25682397774004323, 0.004035895622601721, 0.9223334941782041, 0.29169504648695477, 0.005709531877484461, 0.33697876100846985
0.35504045257426803, 0.08159834826423051, 0.60192533443406, 0.28950050513870895, 0.14499431499046062, 0.4313417267676548
0.3330068506257372, -0.07086448898307147, 0.9872328823743086, 0.287701303410779, -0.10135262086026482, 0.21345860967484995
0.3357719759229424, -0.002981267369331864, 0.598374339846748, 0.36364924362531587, -0.003140172302138479, 0.04329014452099553
0.4402940624001532, 0.08151758420083015, 1.0975459951741011, 0.3272818915008608, 0.20466471767757435, 0.03585760867860403
0.37385060108950663, -0.051718472698826845, 0.9167440567071615, 0.18701228574721612, -0.1308917102254008, 0.24293410513546912
0.4804808878514388, 0.07022679818176016, 0.9994322274019278, 0.268180914779036, 0.13007566077350627, 0.4820962381196602
0.393006904666028, 0.01099490771823165, 0.5457227208777617, 0.37605600716450077, 0.017258410002774227, 0.14424212492418476
0.3022434964386848, 0.0076122249065124605, 0.5190221726544514, 0.30803811368573497, 0.016424823601854807, 0.28146551685801685
0.39441589583333303, 0.0009048506266565635, 0.5255424576949445, 0.1960791609626783, 0.004351857203564503, 0.13778043423465378
0.2543662934210004, 0.042742933706047606, 0.5578834405332845, 0.2901708605185705, 0.0627284218898547, 0.07706282344509574
0.10799829300503408, -0.020511012260333646, 0.789149657767011, 0.36504916231108486, -0.03282571841517434, 0.010997606567649962
0.5118790717868983, -0.03753132610093882, 0.40029822976413565, 0.3578979306805059, -0.06952973179599131, 0.42733102220173896
0.33328136164473127, 0.051408875094296355, 0.2948535709496134, 0.2800079690339079, 0.05808542753619611, 0.3688097496268491
0.2234897844532486, 0.07702564999532643, 0.6340202661727015, 0.4375723036704302, 0.1330460502163943, 0.606778220537851
0.10732934175411975, 0.026357566749968527, 0.855812170746741, 0.3316550094205412, 0.03995038940062416, 0.3294348167059141
0.1681136666666665, -0.03046333767357675, 0.5131915402246395, 0.26673929623092746, -0.0556105691704083, 0.18603621298011647
0.40221713273574317, 0.1085248012395931, 0.7837233178752895, 0.2945808896396542, 0.17478777186715588, 0.18691156516712187
0.09743611298489416, -0.011203252320652184, 0.2496034619750957, 0.5730338938455225, -0.02591206168762448, 0.27618157274736604
0.573632730187848, -0.01273416104001042, 0.7434877703582866, 0.42613348368391324, -0.012668669375142867, 0.15695860487722718
0.24540060416666662, 0.0018406507088675837, 0.8392387565846613, 0.3108015818807775, 0.0043766860506413595, 0.28775213711014674
0.4868574678263974, -0.012596494633935926, 0.5058468393842823, 0.32967377908881124, -0.02139582117988989, 0.48617060466281264
0.5675018145175986, -0.08818719318836125, 0.8159749845228137, 0.317560748474141, -0.15065679350850922, 0.23201607603936494
0.28377649260894333, 0.05979070104019164, 0.9362303374986137, 0.23549216429795106, 0.11454624244765435, 0.15729283025772015
0.3704743111710599, -0.001212841955322867, 0.4120509080317958, 0.14984071011375139, 0.0030262370918273758, 0.04919479290970486
0.012240026611137626, 0.002979104604313837, 0.554501830934502, 0.30860247916633826, 0.00561100664340354, 0.3601039742397223
0.7478628570453801, -0.15604458462265372, 0.40984588220489715, 0.3588137051027194, -0.219550653742573, 0.5410631445352073
0.24002728994834385, 0.06697176593656887, 1.0670164348518516, 0.32200911102895347, 0.12826126654683365, 0.23747509058741703
0.526936728920192, -0.06533553437167723, 0.575197474253596, 0.1620815642188855, -0.14968919943605097, 0.1363321242525175
0.32547138998478437, 0.016178659557513533, 0.7941315117081292, 0.30781176543421296, 0.028688082470704913, 0.2891686161036647
0.24855983333333312, 0.029771930364798905, 0.44803061660167465, 0.21705704409425663, 0.06238544407200708, 0.5928839940059287
0.3772554338195253, -0.006816395566560426, 0.3837490822588442, 0.15682440385714985, 0.0037451679133365264, 0.08369958457202775
0.4162425278561188, -0.015571978460756829, 1.0525698302289712, 0.36658465940928464, -0.02473905018901387, 0.1140663477139614
0.1721631710251406, -0.025676537136613876, 0.6063914335648556, 0.3098328564729082, -0.04404567996393973, 0.03924760896646138
0.32704416194097957, 0.031676360746488066, 0.9546624306562117, 0.3145004502287874, 0.054012070238560306, 0.11704254514977981
0.31774929712675337, 0.07819958478720322, 1.3334238131247655, 0.2881131145593476, 0.09766836626348774, 0.23429199172557927
0.4880146617075166, -0.022404618229375516, 0.33852672646489174, 0.22541842014925514, -0.05675396349286078, 0.10532874133821632
0.3001491829508258, -0.026575320729958486, 0.5442448844554819, 0.21086788062704617, -0.04940203966710314, 0.4594644052119927
0.12410303676282189, -0.011206365675595015, 0.7138377670044753, 0.24511517961309842, -0.016411461007770984, 0.2530086130331859
0.3138264807841242, -0.022493374097551075, 0.7799920813658905, 0.3247548580051937, -0.038044627181213236, 0.1592663515520596
0.33466508137294537, -0.008855858919635784, 0.5142795978625181, 0.18833841188643177, -0.01682269662275344, 0.0749142317133551
0.3982112162844343, -0.026180091360834556, 0.8581526920526185, 0.2683996557611106, -0.0803078078457122, 0.14343043471441605
0.21277090920918365, 0.021119455990014344, 1.1102767958226278, 0.45668753475605073, 0.04083370483454181, 0.19281621355583112
0.6775996010371743, -0.022616484701999152, 0.49170861968628754, 0.25282812035320656, -0.03364199662779892, 0.17742593055884492
0.41091633624018137, -0.06572902411027785, 0.5854261908642029, 0.20746608899509555, -0.12837610103451325, 0.2563031203551883
0.22666577919020436, -0.009239005141931655, 0.5914619877723842, 0.14667299567745334, -0.009497415266964144, 0.3988104563996714
0.06867549093240082, 0.0022034148708218117, 0.916009812763931, 0.2976986264828727, 0.0030956694467341576, 0.1381783215923835
0.6222528341590551, 0.03461407927827508, 0.4347991368621535, 0.20982945175003198, 0.0604867581060316, 0.425898627713912
0.3167421756977161, 0.007711070881476344, 0.6864053135749825, 0.26925860115130906, 0.011427264147456007, 0.22773480807019297
0.26298405721313073, 0.011370303874913829, 1.074242732897617, 0.3678100672038412, 0.018931085172043047, 0.13983353300053922
0.15561136435570394, -0.008024577150254696, 0.8780984821709779, 0.3391771005913667, -0.009408106766274661, 0.03923169347215221
0.6152383019491884, 0.11658840599909294, 0.8310937554200417, 0.2696432862786244, 0.22466811778244936, 0.29954551839325616
0.35309438698039086, 0.09771798913084213, 0.8711733079373694, 0.32433774224959494, 0.17927901405984023, 0.5934569518010592
0.5521448822186634, 0.1104232117389516, 0.5206709176461546, 0.2079664196947064, 0.23626094199250045, 0.14500606865102592
0.12561708576862932, 0.022183151944034925, 0.7168153566917289, 0.2574782125004729, 0.031378905599401735, 0.23201607603936494
0.5107484289129567, -0.01713510435847648, 1.1535224311309669, 0.3532976865306102, -0.054172881073764195, 0.04729225805076648
0.3445763629612374, -0.14837883082126516, 0.7231785884408708, 0.4467246726509132, -0.2079130251063997, 0.03585760867860403
0.5754042223658833, -0.18837034893905702, 0.7647483054518299, 0.2593166924126441, -0.36659158211588555, 0.4820962381196602
0.44223427565353896, -0.038415076802451556, 0.5439808679894802, 0.266370620209991, -0.08734418157610045, 0.015839233001150258
0.4797032188255214, 0.04310807158581086, 0.9045035507721982, 0.2663800949677675, 0.05676308568575744, 0.5934569518010592
0.5350809650667049, 0.0013282922511990405, 0.22343114967551478, 0.1571084207484018, 0.005232150477807213, 0.32070944917005667
0.5504738448812411, 0.028342022774821306, 0.513033436939266, 0.1930563817004639, 0.04170352910423212, 0.425898627713912
0.45528997809341015, 0.024773958454615812, 0.8964880167561013, 0.3661045116892327, 0.05234630933814172, 0.0021167607431222045
0.7450777988043612, 0.10705632250880003, 0.6113017364506166, 0.28761622714415436, 0.13698382683120844, 0.4844032053161604
0.46820953820311184, 0.021589377736242418, 0.8667239127262595, 0.3147246172585569, 0.022289075878988027, 0.4820962381196602
0.4187016091012766, -0.01872265229609224, 0.8627511068754754, 0.30282623375960765, -0.024727171984784177, 0.5423433494985569
0.6613628738384627, -0.2762935820693098, 0.18155272494998356, 0.3617690366178813, -0.46436075808370203, 0.27618157274736604
0.4261041004266451, -0.04799768935788995, 0.2514174697723382, 0.149005469149503, -0.15106842087634573, 0.08569324916304108
0.2361218985023078, 0.07412735219666076, 0.4597239931224747, 0.42328177696664676, 0.10795985016793619, 0.606778220537851
0.5510389730081335, -0.08174232411612126, 1.1161436474268842, 0.31413859500562463, -0.16987901850637596, 0.23201607603936494
0.37168591471396917, 0.005297097649551842, 0.7351329440887757, 0.34259536863748175, 0.015944422282587804, 0.06063803331801214
0.22083020258025726, 0.05951237812416729, 0.5917903163942456, 0.5721241030934184, 0.10638921457288147, 0.4820962381196602
0.3535781174763333, 0.03040649366666221, 1.456203801315679, 0.3776504593569361, 0.0619715009699177, 0.425898627713912
0.3990460290615339, 0.04142611037269416, 1.2047502605142006, 0.35663206944905346, 0.07761920055421893, 0.053014511543910355
0.2182903306113737, 0.03367390085358768, 1.0148861149034052, 0.3146807042352885, 0.060332064614462826, 0.09888406317680844
0.19068833868356008, -0.023780887033749788, 0.6719364474932451, 0.2876128036009554, -0.041388111359058025, 0.5928839940059287
0.2893655748716484, -0.00616799699672211, 0.45075498783112705, 0.3591030200319446, -0.006219462124220377, 0.44843496765572416
0.581054627264842, -0.10033785966605464, 0.3253275374150516, 0.13597438651988975, -0.27304701161403394, 0.4677495630171781
0.3676417611674887, 0.07098820540880996, 0.888739941242622, 0.36526986962793373, 0.08727583416053739, 0.4313417267676548
0.3041871980206119, 0.020284050885449975, 0.24003322949706277, 0.10782102451539193, 0.03559381742009173, 0.3688097496268491
0.5904390374747083, -0.08049880709875858, 0.19972228345104093, 0.11667021675075909, -0.19875654059292538, 0.3390159442800465
0.2597249657498449, 0.059182386329235594, 0.8788751819947346, 0.2862666318428311, 0.12634378394603935, 0.5928839940059287
0.49646230019571536, 0.09505857241603467, 0.9448471601668542, 0.33115942172145274, 0.20297910014265103, 0.03585760867860403
0.5071593557992239, -0.06313531076243718, 1.049702686193424, 0.3313326417127475, -0.12853649817372817, 0.23201607603936494
0.22467928140728255, 0.007802499054183908, 0.7174800805346859, 0.35140828459280415, 0.014263936113622998, 0.0021167607431222045
0.5123057011635493, -0.046353269491324595, 0.9355975649694802, 0.3373719554089892, -0.09128078438657818, 0.44843496765572416
0.44292100044361776, -0.027552166737615454, 0.4898898210378686, 0.36903049266821514, -0.032182101490970616, 0.5880615992302439
0.42918457210478633, -0.03170099312557179, 0.547604196499668, 0.34959611062724055, -0.056249767504370655, 0.16118161536534045
0.539198454483909, 0.009296040540057468, 0.32727581256982574, 0.20711534895665337, 0.017876460076410656, 0.2316096849531735
0.17381070974658172, 0.06298088151635313, 0.6811902576715866, 0.5038355116859348, 0.09589654199003636, 0.4163474400592685
0.4096803472069066, -0.022416484262315906, 0.9022253586484236, 0.4304138469838894, -0.05819822660378432, 0.03846774974531109
0.26997173409473363, 0.0055442298478101315, 0.6494615092993584, 0.32499431455108374, 0.009305154767778245, 0.44843496765572416
0.3369708987241907, 0.08159880027746329, 0.8527281738315395, 0.4102498695234452, 0.13486090680637866, 0.03585760867860403
0.32910729842924696, -0.06627308663398473, 0.6277695519048213, 0.3007839427702697, -0.10931745594658931, 0.10102314665064212
0.23905053797634104, -0.09363081899901157, 0.2142014025647605, 0.6055208872470557, -0.1340673151502039, 0.15695860487722718
0.4506903475600519, -0.0019572642390170043, 0.14720720819112226, 0.07505736719442475, -0.024580605973410326, 0.15842283035367258
0.5016441490332914, 0.05074243191573049, 0.4858280581598234, 0.22925270354100125, 0.0781375140738023, 0.4820962381196602
0.30904569715502483, 0.07256961016419099, 0.7302277765853802, 0.2608840860270598, 0.11843949130769102, 0.23429199172557927
0.17093326383044147, -0.009475993477250323, 0.9849758295013377, 0.437234796755497, -0.026874408408965347, 0.06063803331801214
0.4193533744357837, 0.01743176761378236, 0.745226439884848, 0.30916131027649096, 0.026908040809542753, 0.5928839940059287
0.3900418734683713, 0.007330207574701903, 0.8607685325973382, 0.23264859045197145, 0.030990491200663276, 0.38448648979518835
0.2492706028483472, -0.03178107603915848, 0.7861029730230845, 0.45629686853763096, -0.04764184364023847, 0.3688097496268491
0.4249143658323929, -0.04125956488897879, 0.91606513799676, 0.33964844699603397, -0.08759279254036079, 0.11121629190564924
0.15045135264649986, 0.004330794006776502, 0.4538546024766965, 0.35385581109575653, 0.003709929498279946, 0.345606413914736
0.24292606779889261, 0.08687336884772194, 1.0244162881718024, 0.3887277094778212, 0.14963861445766363, 0.6203739278717118
0.2561147243550675, 0.03076139754921769, 0.5953257277062655, 0.26130261270092797, 0.051878897056644016, 0.5928839940059287
0.2298722701639508, 0.04159175646805873, 0.5536782734028759, 0.30219714103501066, 0.0755247389550508, 0.5928839940059287
0.5589522655312296, -0.15138810865773702, 0.6422730087371167, 0.17049900431211046, -0.34247078698618894, 0.47526849106101765
0.20907540857094406, 0.0373071876488727, 0.8061937185989657, 0.3814197014741952, 0.04769943487768438, 0.27618157274736604
0.14886657727111913, 0.018478084685400364, 0.7647719195247582, 0.398735257032615, 0.023924946313477365, 0.5928839940059287
0.3919177323384737, -0.03930618889516244, 1.4546154604333748, 0.3708915049072998, -0.04288171918899196, 0.4820962381196602
0.46209339548980466, -0.24912029813006978, 0.42188308458270013, 0.451672491054794, -0.3595280295691603, 0.15842283035367258
0.25619819171569974, 0.016438334587787932, 0.21003592409146277, 0.25690038028690876, 0.020085400077579453, 0.43665565160626835
0.21620486989583138, 4.042637745804968e-05, 0.3478733824567803, 0.2713751742971077, 0.00458578910520154, 0.08444981340368374
0.16558706778888468, 0.015129512279709496, 0.9761362051933083, 0.3611347656643434, 0.019239376305380165, 0.49345990105642157
0.5188590276909041, 0.13951764716662904, 0.5598320614138366, 0.6009528167926815, 0.19021149940289622, 0.0021167607431222045
0.2973961008156673, -0.023842275834219686, 0.7654814840442286, 0.28985128651558323, -0.04628630168685425, 0.4594644052119927
0.25923843915054445, 0.02812233207707357, 1.1920883970353051, 0.3600311005938632, 0.025538556155206615, 0.19281621355583112
0.3262486804956186, 0.04696719662585241, 0.7180324156853662, 0.20441542426942047, 0.09177764595338916, 0.4313417267676548
0.1392153276791666, 0.0029919735963182675, 0.44945026774669405, 0.2768256498691187, 0.014551903591788273, 0.49345990105642157
0.38337122254086803, -0.015630423983326407, 0.7677998559646676, 0.2797006683628464, -0.04202574145920814, 0.38836989213284306
0.4407092658575323, -0.02569412016047011, 0.6860418883963633, 0.2987723081818729, -0.03742836337819438, 0.05112670665956453
0.27768580781380764, 0.047510561517592656, 0.5065689884790955, 0.3269995747970054, 0.06987858844235252, 0.03585760867860403
0.28342713311386397, -0.07966540191136227, 0.6622785957066959, 0.4059068773771418, -0.12453628704822249, 0.6058694983871932
0.15525512934343852, 0.04032638390978224, 0.705405811260666, 0.3736396385054838, 0.06666078167272675, 0.41335721819827065
0.4935001150438136, -0.04533816521463843, 0.276540874371341, 0.2368320116292068, -0.09888063246024868, 0.10532874133821632
0.46743770539624907, 0.07338835523574891, 0.37127138124552306, 0.11154813174274408, 0.2429331693497384, 0.44843496765572416
0.23219966168875458, -0.003970547280486579, 0.7525842435486192, 0.29494818852156307, -0.006011065998235721, 0.5934569518010592
0.2602815391762806, 0.027400830886469878, 1.0054306446196262, 0.3942533934499114, 0.06256163415468748, 0.590719885720028
0.4025975008292106, -0.011630666391671669, 0.34238696167324156, 0.11432797157232331, -0.004066529969073688, 0.12145748883442159
0.3097348924244448, -0.08750887134447019, 0.6755829886238243, 0.41162761165561107, -0.16445534290971742, 0.3988104563996714
0.3944957538183366, -0.033236005642151796, 0.8050064165419337, 0.2896343216344809, -0.06373554179592637, 0.17742593055884492
0.5321037484482346, -0.14258880503471802, 1.426886186484648, 0.36257542119620895, -0.23041882437175606, 0.48617060466281264
0.4434678828615794, 0.014935286718464072, 0.484097342635606, 0.37852559854768303, 0.023702322701749958, 0.425898627713912
0.29210137351368515, -0.009028236786900673, 0.7831414011528903, 0.27899757522763236, -0.01513858875196158, 0.4344000189006031
0.4805539450517528, 0.07580953580595585, 0.5784118006906465, 0.3729284813704083, 0.08351383112671139, 0.5162142482943468
0.5204022835489733, 0.08116955220858879, 0.5037772840131659, 0.3206185634212544, 0.11037152276356625, 0.425898627713912
0.5284658804620055, 0.0029831798189682503, 0.5281283518911097, 0.20476652890913935, 0.019204881227018723, 0.3688097496268491
0.5797258542197653, -0.2491096174973968, 0.47169555187377427, 0.49508723894044976, -0.36292241758037297, 0.006159296297656342
0.6186550974687265, -0.09718935393322498, 0.5341584711704612, 0.2898066385172901, -0.15438800714460876, 0.5789622937162766
0.31250400347164065, -0.15223189029063358, 0.5021757762547815, 0.4402757693149369, -0.23335550363189056, 0.38836989213284306
0.4655348183961111, -0.07737096425627076, 1.2486492816294688, 0.30868174997184006, -0.16550519191019436, 0.17742593055884492
0.26861899854319515, -0.02371928406879878, 0.560669611367209, 0.5963737556839346, -0.017572246528558103, 0.21826208326900493
0.30823518906070624, -0.03749391048331306, 0.7918970803337441, 0.2483917990380881, -0.058554929705068856, 0.0021167607431222045
0.2954142469268559, -0.010719843549557406, 0.9844893537212672, 0.3511666880261138, -0.02207247537359287, 0.44843496765572416
0.2991129401315169, -0.006588932394837924, 0.9604395433691104, 0.23697367004037603, -0.017846543430448853, 0.44843496765572416
0.2612716402547101, 0.13405258995964706, 0.36503043270255764, 0.5035005934640001, 0.19425696350577962, 0.606778220537851
0.18671249965557898, 0.04172021717129753, 0.636501261874672, 0.4637605504064499, 0.0780707525249818, 0.27618157274736604
0.35207367063352973, 0.08799994320223839, 0.7356272634506196, 0.22608796801839615, 0.16711746933862326, 0.5410631445352073
0.42053682382572094, -0.21365107416666285, 0.38963549742605275, 0.5537067539869656, -0.30530555203303045, 0.07322718931658105
0.4166184985664952, -0.07842411635052833, 0.6924428540379928, 0.08810650763642039, -0.2574641274034096, 0.47526849106101765
0.524465286491169, -0.11513204497079105, 0.6877014977335848, 0.20865212226129848, -0.2581749863818936, 0.47526849106101765
0.7690181417941436, -0.06759611571456041, 0.5152784771587483, 0.26037329523017166, -0.1264042675821482, 0.5479676965564017
0.41866674921150426, -0.023637043208911884, 1.1229817940434754, 0.3381326515617802, -0.008387856011977439, 0.2563031203551883
0.4229777399391535, -0.19097023744315242, 0.5766123212987112, 0.3364528713183782, -0.30168509996565146, 0.1999292360265499
0.46782174760213313, -0.050614579882479305, 0.8367100648031365, 0.3410778440333793, -0.08148220222157207, 0.15842283035367258
0.2475772201017225, -0.023769375216581484, 0.9841012217840437, 0.35950105362361273, -0.05358495640463684, 0.0021167607431222045
0.2885424953659997, 0.10358849248263345, 1.149990533713447, 0.5076842532636201, 0.16767152708174965, 0.47526849106101765
0.32213919719039763, 0.06079815363461433, 0.4718344600125959, 0.5453000104588347, 0.1177247384354406, 0.6203739278717118
0.26221803116406317, -0.10268994736792492, 0.9810664421992275, 0.3301239687610973, -0.17039093513238882, 0.0021167607431222045
0.26617481739248583, -0.028277845556849784, 0.5851645970957721, 0.449548790408017, -0.03659350838293857, 0.5849550628023759
0.21390940289514457, -0.00894066735673709, 1.0298960527059229, 0.3444537719662317, -0.027021605300153073, 0.6203739278717118
0.5902298853395191, -0.12076693758616223, 0.3237859313575035, 0.1126706580863284, -0.3039661741237886, 0.319834366579679
0.4856994081214697, -0.08666133091775446, 0.361518178936779, 0.20734557695504457, -0.14862249862070695, 0.4820962381196602
0.38602320103148147, -0.1688728219358623, 0.733761447385864, 0.2899105011659599, -0.333102780251838, 0.07322718931658105
0.470527218131656, -0.20606682889244518, 0.2717349099101865, 0.4715291886363889, -0.29471358067534476, 0.03585760867860403
0.23011458453710226, 0.057569100151600064, 0.8254152279725063, 0.3144792586352759, 0.08513977484668807, 0.1649092039669042
0.23908308259569766, -0.05368330210758583, 1.103086109312547, 0.4206956916903809, -0.09253738924986016, 0.057032490079113846
0.3259787683056548, -0.014520393586034842, 0.6148763866593903, 0.15053992313551692, -0.06096799219544069, 0.07322718931658105
0.5855683272428853, -0.19208583777203864, 1.3204494060622247, 0.3480038501423553, -0.2757300869854545, 0.4677495630171781
0.2872766324727809, -0.0056154327366658326, 0.4594223869642137, 0.25482702989366374, -0.011363168170054894, 0.15842283035367258
0.4352212617136309, -0.02275624541069929, 0.2031326699780079, 0.12879360579354068, -0.05281082075832424, 0.0021167607431222045
0.21217709176239263, 0.001685291269399794, 0.39664743956464027, 0.5830128211499069, -0.007630446726304939, 0.44843496765572416
0.5542094209361134, 0.021506963548322277, 0.17432028782646442, 0.12320218352934999, 0.0461056141677008, 0.425898627713912
0.26758256018527027, 0.01758044985563, 0.23187314623059302, 0.18607330078131817, 0.03219521237621423, 0.43665565160626835
0.6413054604733525, -0.20351752919516042, 0.9281302214070775, 0.38385705857574265, -0.2295637492585484, 0.07322718931658105
0.5183176172258208, 0.14811990749615345, 0.8575774035576238, 0.2110688199313801, 0.27556356650694114, 0.38836989213284306
0.20051008864901576, -0.03446711530208839, 0.49757842242131145, 0.5064640306981266, -0.05158592641353734, 0.44843496765572416
0.5652668621502263, 0.0032282389437736526, 0.57779314303309, 0.15633473588309899, -0.04962807587265497, 0.5142463875734443
0.5864916873594546, -0.08306980617803865, 0.5540029577795414, 0.2867190771583943, -0.1345029889878988, 0.47526849106101765
0.25383379379598436, -0.06700309093854974, 0.4550062881628758, 0.30889666725781634, -0.1023911244731293, 0.053014511543910355
0.3985593284530167, -0.1842039436259643, 0.43349269458430745, 0.5599754432591425, -0.28027457895964447, 0.43665565160626835
0.5605540609661155, -0.09232665028614453, 0.38052566761822293, 0.16657941273975616, -0.25630800091578715, 0.4677495630171781
0.5062580650875559, -0.050095230522653064, 0.0973246560139625, 0.08111835000422102, -0.11896741518371583, 0.3390159442800465
0.3722131213453624, -0.08057932218791208, 1.2480429067287406, 0.401403309264918, -0.1411003043136626, 0.47526849106101765
0.36106367514328824, -0.05281376563632522, 1.1830569635699377, 0.20701941151075537, -0.07912094883580119, 0.16116878340004384
0.2971917879975269, -0.00956504259860118, 0.15367765236506092, 0.2658039122389593, 0.0006797975032330146, 0.11901387089770168
0.53999980628989, 0.09823963520479802, 0.46876249981983803, 0.15575099629123035, 0.2482284020088209, 0.21826208326900493
0.1863511746036303, -0.07774405040059207, 0.1940759562446897, 0.690883248120008, -0.10912972924568987, 0.21826208326900493
0.3586635826345946, -0.11373477521417338, 0.8427468726770851, 0.12534527230820863, -0.24676822282233624, 0.47526849106101765
0.25984831935832664, 0.11882323679511445, 0.7490350226405152, 0.48555291100220443, 0.17994865926571016, 0.5947151450725006
0.7647020532286652, 0.12888064596979967, 0.4960193066807613, 0.3288312947872637, 0.18214168741095788, 0.4844032053161604
0.5039445667101559, 0.07980623518340674, 0.5065247854285961, 0.1615844939809487, 0.18532865139924418, 0.45468927626322236
0.20433222390823022, 0.009509630023123694, 1.079321611886486, 0.3308702798631086, 0.012630653988213687, 0.6058694983871932
0.2853373194361204, -0.04141733213480646, 0.929803812405127, 0.37686316939221326, -0.07342930498723375, 0.2080737177036555
0.5946101284828796, -0.0697984844621409, 0.6558618274706111, 0.34598766505474016, -0.08203318224265616, 0.3688097496268491
0.4332553485700346, -0.04557510482240744, 0.6378768986604441, 0.2601852369130259, -0.10919645915251629, 0.47526849106101765
0.4170458214165242, -0.2138788271279367, 0.4555908057971692, 0.5502929677270288, -0.2916773733706272, 0.07322718931658105
0.4446549900376564, 0.0029909890714559296, 0.22382340043931367, 0.19493866504173313, 0.007113235652086679, 0.3988104563996714
0.4520659080641171, -0.20917525724521766, 0.3916212441008487, 0.3334101744319341, -0.3527215627974822, 0.15842283035367258
0.42150126232207, -0.02258587186261862, 0.4772800159060189, 0.23761280468861867, -0.04516745140271979, 0.2316096849531735
0.6392804249030162, -0.04441825465410813, 0.793945571653316, 0.24701582884133497, -0.08235691365497551, 0.425898627713912
0.6048986330699736, -0.3131355807906228, 0.7393805236879382, 0.5042456668191301, -0.4115632224102908, 0.006159296297656342
0.43779964371762703, -0.07003718964022924, 0.5015565810596558, 0.26961487792688177, -0.1279909779956946, 0.4677495630171781
0.2950020660864209, -0.05301762792943964, 0.7347001869301794, 0.2791315992116335, -0.09595995138016457, 0.47526849106101765
0.20785243085167004, 0.054254730354319304, 0.840781432705038, 0.3257492865348629, 0.0934865393231015, 0.5971550305519917
0.6045647667971599, -0.14038889651672518, 0.59995717093574, 0.20653960419292755, -0.34724673472007034, 0.47526849106101765
0.29062627055476714, -0.0553144106531443, 1.2095581951923458, 0.38757170696113924, -0.09389536808051019, 0.3988104563996714
0.3899266758286767, 0.07244516029548538, 0.8024922478102973, 0.41285142236920774, 0.09419140129735318, 0.03585760867860403
0.6853850982765494, -0.01489671926594281, 1.7450639731164441, 0.29451189573793213, -0.029084553303872357, 0.17742593055884492
0.6981686045532727, -0.07252684380457, 0.25380105453574564, 0.18411614917423902, -0.17743806235144025, 0.345606413914736
0.15187072416462372, -0.0012126191430888796, 0.7741969902644698, 0.2481342570589983, -0.0052321252529370435, 0.3260098464176484
0.302758168221219, -0.019232303702631147, 0.7741852788532545, 0.35530062522860434, -0.035741720294306, 0.38836989213284306
0.3170772657282056, -0.10728126865852984, 0.8268693397796829, 0.4373367681744798, -0.15433819275095453, 0.47526849106101765
0.3498443471867081, 0.04545078203107883, 0.6533279441578199, 0.47734183283340204, 0.06781460459969779, 0.4844032053161604
0.6784544801333169, 0.2986029565732142, 0.6898236179077593, 0.49637086636477157, 0.4186426595173592, 0.17742593055884492
0.23677918500033993, 0.0983738607618831, 0.648667566984765, 0.5031973652268202, 0.13407960466963456, 0.606778220537851
0.40897741055737424, 0.04811599933857097, 0.41018931183717816, 0.4296741715351265, 0.07430130042720816, 0.03585760867860403
0.45794522153346806, -0.0893813332239915, 0.7907809898035448, 0.22461637645701768, -0.17792810155077446, 0.15842283035367258
0.4492528859156871, -0.16604783202558843, 0.6159164999602497, 0.3785256263259671, -0.24820320026300924, 0.14323878001829488
0.25067423261198596, -0.06374862043652502, 0.7981443519232327, 0.3228334361896483, -0.09264312994719318, 0.47526849106101765
0.30832838770795545, -0.028341163742206753, 0.7774460911139065, 0.252418977682035, -0.041170556789399314, 0.07322718931658105
0.4018020994387966, 0.22625686324801272, 0.48347267932447097, 0.571920087112413, 0.3360010478256436, 0.606778220537851
0.2726173876708148, -0.008801657017732301, 0.9725876463347949, 0.5402962704303945, 0.004879785795792952, 0.21826208326900493
0.5572370233832438, -0.07959659111267743, 0.44536636549683917, 0.21938626851748555, -0.15945541609010644, 0.3390159442800465
0.40516329312571303, -0.08018753061997023, 0.48450454273333887, 0.06749199761283489, -0.21031947245685367, 0.47526849106101765
0.3284808357540282, 0.06462628259521708, 1.2684195390264723, 0.42283772202597203, 0.0838353350109675, 0.606778220537851
0.41855533059427785, 0.03929876178010492, 0.2862223675328218, 0.07421637712061618, 0.14405176270839817, 0.0021167607431222045
0.5704368653740045, -0.15614829199341224, 0.43471649025111037, 0.17490654766404717, -0.36576913934619393, 0.47526849106101765
0.36759327366166233, -0.17004798106544283, 0.4341790032763548, 0.40364226862275865, -0.2721627715211908, 0.38836989213284306
0.3676158478303087, 0.17355343020537542, 0.8012581992172134, 0.3936822425669774, 0.2624925384724583, 0.425898627713912
0.32790204591057026, 0.03094435825603855, 0.9718612547982545, 0.3290017369913623, 0.057019990715750674, 0.606778220537851
0.6337152466103376, -0.24660293307368344, 0.42975464190244994, 0.36260749500874634, -0.4148485907228187, 0.27618157274736604
0.22996944732565588, 0.045146090976132335, 0.9538380892745028, 0.4404846058147073, 0.06539290907629124, 0.19281621355583112
0.35530351071680527, 0.0606347229638215, 1.0675843882552796, 0.38537316538225597, 0.13341791999616429, 0.03585760867860403
0.33234032213361464, 0.03547969368349681, 0.8621422439387981, 0.16715022214738517, 0.08972579302881194, 0.47526849106101765
0.2888342622105531, -0.011379848592075663, 0.48413761037144226, 0.5903105440824583, -0.012363302978737995, 0.2046615885030589
0.43129502360877714, -0.21886818696607555, 0.5207921576852654, 0.3765429231392197, -0.3506645818664812, 0.3314246695870199
0.582003090871716, -0.03150772109374038, 0.5802171096845536, 0.16175983296145918, -0.004911809220050229, 0.38836989213284306
0.3693147265800322, -0.19149316317326812, 0.3877777879336062, 0.44145232259994954, -0.2849862775197914, 0.07322718931658105
0.4565095740100247, 0.016900935534874578, 0.8300254152443844, 0.3026933746122627, 0.03997011590277522, 0.03585760867860403
0.2493842739537245, 0.0393010137264847, 0.7592574305124979, 0.4617165144317072, 0.05610387735689915, 0.23201607603936494
0.592796912809257, -0.10561684785755357, 1.0204204018074072, 0.424267676527533, -0.1959134638573769, 0.5479676965564017
0.5029833830575464, -0.07497693972616724, 0.22435295391018825, 0.19025333098929242, -0.1326318508466508, 0.08569324916304108
0.7401301855988031, -0.06625448613608459, 0.8603074489888953, 0.28690335708744075, -0.08397910102212715, 0.5704733057616476
0.7671296680119175, -0.07843796749743473, 0.5906587027364318, 0.2305330538483712, -0.14876842010142208, 0.5479676965564017
0.2104640443886747, 0.0062397603363414465, 0.3574976934546597, 0.09194734683724376, 0.021723109541259063, 0.43665565160626835
0.3209301453048334, 0.03155004308019994, 0.3056200060862208, 0.12089697073292649, 0.060651231836751654, 0.43665565160626835
0.29695149620867634, -0.00204343125503754, 0.8782064000981421, 0.35782807712977627, -0.008469335168624267, 0.017575160563687194
0.4084644366705922, -0.1550272661035465, 1.1047555948211936, 0.282094391464472, -0.259404241035381, 0.4820962381196602
0.5342373067592687, 0.06147616078305417, 1.0642185842259153, 0.3463354788553734, 0.10678275545965095, 0.29588005200055395
0.29898860970693436, 0.0009267632197250508, 0.2942194298158406, 0.1397744175334007, 0.022728181616201777, 0.04729225805076648
0.32429746804214427, -0.03237968826449018, 0.7732117007766364, 0.44144173761075495, -0.04784509965262893, 0.038769866579779655
0.4218726175231545, -0.17738102004248119, 0.8221927220784463, 0.46616992134424373, -0.23915276326762494, 0.053014511543910355
0.6631664185699131, -0.04559648476150094, 1.1372527844290763, 0.29180270599742536, -0.017741254693456252, 0.5704733057616476
0.36240568592997546, -0.0023376427249889122, 0.5000436805873038, 0.20290577912479985, 0.020062128193551545, 0.43665565160626835
0.38345001230126224, -0.0505660799743586, 1.2610962111034263, 0.3228975038946457, -0.10172441649873668, 0.3988104563996714
0.5961558295299074, -0.013260340163747872, 0.49444261129236705, 0.27568625860702967, -0.026606802515890697, 0.5013675517846422
0.38190207408998306, -0.07350411404333933, 0.7870743976369703, 0.14565092481534778, -0.14759202718981443, 0.4677495630171781
0.5573195628887002, -0.15512513614502094, 1.3950420360332205, 0.31270833976297907, -0.2248659962438801, 0.47526849106101765
0.5350893548346591, -0.31993966221956766, 0.3725193881680711, 0.48788286492604227, -0.4794729157350709, 0.052501679205032625
0.4339427049370975, -0.1929364477989183, 0.6605090253313709, 0.38334722426413853, -0.3018831697298857, 0.1999292360265499
0.3171930302772124, -0.00017287782514831916, 0.8431768536268938, 0.5489286085785239, 0.02797249760589612, 0.3988104563996714
0.35299993058440493, 0.017464366249270395, 0.5255077979701944, 0.1803172602538477, 0.020952999927076745, 0.27618157274736604
0.3673564595309753, -0.19965674324056426, 0.6381626123985444, 0.40488698100920995, -0.3189070226433624, 0.3314246695870199
0.2332491423589667, -0.025068083196422185, 0.5615820834939375, 0.5727187925644691, -0.0451659201329542, 0.48885540560211155
0.7505366622733655, 0.11155636818727045, 0.719526088927378, 0.22854434743805538, 0.21166558903824345, 0.03585760867860403
0.5704201928341788, -0.06413668911868901, 0.5030456984060094, 0.1225962813312601, -0.08590990520812034, 0.2046615885030589
0.2571985039920951, 0.07006559903732049, 0.4327634619527899, 0.6390193965319166, 0.10383579089811082, 0.4280966415432604
0.3062911054266049, -0.08101591904228286, 1.1084919903720054, 0.3855600954990399, -0.13139467305459773, 0.3988104563996714
0.13200427825549219, 0.028318421623690745, 0.9316216315179641, 0.3705660215613149, 0.044903807246506666, 0.5947151450725006
0.3858520480522416, 0.0013481002373953099, 0.7009007644644608, 0.3430937747074803, 0.0005697583013483209, 0.425898627713912
0.43747221061839603, -0.16113237623528798, 0.6089065653439077, 0.25562007259567493, -0.3010265088946268, 0.3314246695870199
0.7137775638070597, 0.022414185456922878, 0.8286405327964743, 0.33740157519881814, 0.03281515631904144, 0.4844032053161604
0.2539831355567003, 0.07472851733393208, 0.9328931185603908, 0.4164901301968802, 0.1197677463446127, 0.4573998066087997
0.5760320250519322, 0.22859531356381615, 0.7869073864064798, 0.4274665477419753, 0.37079182289134116, 0.1630093038021554
0.3496757514230698, 0.051850575163182616, 0.41387209469808434, 0.6087894376494041, 0.08561598092081253, 0.606778220537851
0.6970892790612051, -0.05044463161077307, 0.5087205503031607, 0.24286066808015488, -0.055036326761626134, 0.5704733057616476
0.35752746351757964, -0.18691368669262245, 0.3641414875770889, 0.5079904124471724, -0.26240596241715636, 0.07322718931658105
0.4023544696598222, -0.2322002569185525, 0.336348508932501, 0.46905048478317896, -0.3436941868186352, 0.07322718931658105
0.7635490117813093, -0.07231710123462844, 0.3985460745123924, 0.1536269980877661, -0.08316563565937432, 0.5704733057616476
0.7650795137996643, -0.17622204467269925, 0.5005847048341924, 0.365178840101522, -0.25586035579400246, 0.4898182965054113
0.2389581249512738, 0.032432882443625924, 0.12444500790855488, 0.1646419713895255, 0.07265349729402133, 0.0063926970129947105
0.3159664547273232, -0.030758788880500206, 1.159398764095422, 0.3638813764874173, -0.11148008741388234, 0.42677320042258515
0.3660427240355918, 0.03764756145018142, 0.4408423161091007, 0.10280235478653248, 0.15297519369865242, 0.0021167607431222045
0.35677965146006635, -0.1522940351431676, 0.24923618144102522, 0.41183506363806666, -0.23205121505464743, 0.21470771056499074
0.38207080325684745, -0.1516694079109946, 0.6318223630121504, 0.5132861004738946, -0.2553468924890004, 0.47618615820847027
0.28567847327378026, 0.08754627520623583, 1.1997861097631455, 0.5119850320681139, 0.1496949119595988, 0.47526849106101765
0.6821322770269477, -0.18281322217625498, 0.5216874441666774, 0.2501350484015348, -0.3387824714131236, 0.07322718931658105
0.2657202594179827, 0.07370906199835696, 0.35251521430457544, 0.31127727070118427, 0.11110790228947338, 0.345606413914736
0.6740238538311876, 0.032790170572123016, 0.9248573984749895, 0.41328391872517645, 0.047529679939304216, 0.47526849106101765
0.39395890600925376, 0.024378427244083126, 0.6219279836243186, 0.4456914851371655, 0.042401976751750114, 0.606778220537851
0.5475286478894216, -0.019290827462658266, 0.5795650213950762, 0.32193299939318043, -0.02722592036359484, 0.5704733057616476
0.38829956009807387, -0.19676418728886166, 0.5868649523291412, 0.3430679178797661, -0.2917796444896865, 0.024452725328705575
0.2988328068312044, -0.08372036125909804, 0.5603734975447242, 0.47808134400701596, -0.1307412708111885, 0.512037956906978
0.7734216505081912, -0.10204874087722157, 1.0077047042776792, 0.33218998210475653, -0.12034388116071627, 0.38836989213284306
0.4717841030604623, -0.13314231274681632, 0.7440255006567014, 0.17778179609507036, -0.29393484700288364, 0.4820962381196602
0.4462225079453413, -0.15250058036935957, 0.6326756516904731, 0.2870379954154442, -0.25639476762230945, 0.4924071945338915
0.20766984479613712, -0.00885465814810031, 0.8661760799329266, 0.24268115577783844, -6.891187132583305e-05, 0.29588005200055395
0.6868883475277581, 0.10970076682996066, 0.7922576749365636, 0.23116823824518815, 0.20448389301261183, 0.38836989213284306
0.18090043801608413, 0.025977581208746395, 0.6586108918960701, 0.5081315029441127, 0.04410536850246118, 0.46500625047273614
0.5715766350070155, -0.03910718064947282, 0.12706505811872643, 0.23376420602754142, -0.05629190666410541, 0.3390159442800465
0.27456622552689275, -0.15368571255045638, 0.21760061665725483, 0.6467173466663724, -0.1995625655771103, 0.43339992459577553
0.3847755720066946, 0.1622842299250826, 0.6065125097953036, 0.39336598233539277, 0.24315492326623153, 0.43665565160626835
0.608001373580146, 0.06551413979357495, 0.6194701062890584, 0.11814581770737582, 0.16401888665029254, 0.5704733057616476
0.8121698205156368, -0.25848614511767887, 0.4907694026121252, 0.4337298470727537, -0.38522337615232594, 0.29588005200055395
0.5900334682582188, 0.05378038063321875, 0.8479377325642319, 0.29448112522038516, 0.09625023745181856, 0.2046615885030589
0.672218500766898, 0.2061601591284792, 0.29361610439668256, 0.17901978926684486, 0.5359057775904646, 0.07322718931658105
0.11868071260640818, 0.012216473253118691, 0.2199364865421411, 0.5685400413271205, 0.018757074838659224, 0.27618157274736604
0.6180006504401103, -0.07464342316034658, 0.2116402207702058, 0.13454750281036656, -0.18601166929262233, 0.15601562184261825
0.5706641186453703, 0.05154933439166575, 0.28060917534473384, 0.10449498952137602, 0.13645775331454954, 0.3300977997816541
0.2873816101452142, -0.059189927328761834, 0.7532003910197218, 0.418463567193088, -0.10113176681566953, 0.425898627713912
0.2986003537572674, -0.04087864042522099, 0.2752534680126998, 0.6257460120156115, -0.056583687332082085, 0.47526849106101765
0.28584433395019043, 0.06622233673682772, 0.6787335226923068, 0.5175039640455037, 0.09379682760383018, 0.43665565160626835
0.8193251980507172, -0.08384937596425834, 0.42593833864797787, 0.3669746555366832, -0.055558720799229945, 0.29588005200055395
0.49089715516464016, 0.0529784725793153, 0.490916739468398, 0.06048349748929205, 0.15433515301074383, 0.5704733057616476
0.6131942249712341, -0.029815128757644, 0.636610250804797, 0.2536502511297944, -0.05622165697574512, 0.07322718931658105
0.3359011899698566, 0.0027017432282200413, 0.3190723210360027, 0.22600661579003303, 0.010918388047665293, 0.345606413914736
0.17268948184168179, -0.027661984991692864, 0.21087153461658226, 0.6488931127961604, -0.043932675993073975, 0.47526849106101765
0.5516733535761351, -0.1330748713444904, 0.6718259812138533, 0.4208246006400666, -0.18289105261006497, 0.025482465852576356
0.33991640329537864, -0.16099278650407736, 1.1993948042456641, 0.5510240754483364, -0.24403969777005133, 0.43665565160626835
0.40819411812789286, -0.03569346569452389, 0.4992981812919399, 0.2309652746092938, -0.05650254702442626, 0.4820962381196602
0.36433229045932897, 0.020185662872739932, 0.4202749948755356, 0.12275739651073553, 0.06024527300547326, 0.3988104563996714
0.4710774400352208, -0.09461517288934139, 0.5968828477670955, 0.25986064802465625, -0.1890085862958, 0.38836989213284306
0.5050010676236467, 0.11532925062530007, 0.5905110482620429, 0.19377835591307338, 0.23805699377433875, 0.606778220537851
0.15811259485962187, 0.06482964376379054, 0.29385313254038936, 0.5411641831701725, 0.08835807152974562, 0.38836989213284306
0.22360852033825818, 0.0051954919294429705, 0.18843913025684494, 0.09219862572456741, 0.010542243523074774, 0.43665565160626835
0.7582703681796481, -0.07285869356796487, 0.3570124991255972, 0.262994310704601, -0.06801186048328291, 0.5704733057616476
0.3653394405151796, -0.17985005333445472, 0.8948724118285217, 0.40797989754196545, -0.28978729656495933, 0.43665565160626835
0.4048185713709034, -0.20404499653107336, 0.3880745844855169, 0.5348850427163836, -0.3174357817915647, 0.38836989213284306
0.3796097401860247, -0.1764662788502504, 0.9453412685835416, 0.5431809798945825, -0.23927731798553867, 0.07322718931658105
0.3896824311123618, -0.13366530175442087, 1.173300822440711, 0.3579818829485053, -0.22090208114967158, 0.07322718931658105
0.38908694526959353, 0.040707909058319204, 0.9629576565544967, 0.3069210544152642, 0.07020032481711364, 0.4844032053161604
0.7415459436269616, 0.2806278672825182, 0.19100873068757163, 0.44748646223934, 0.41878890609168884, 0.21207115824054384
0.4425860275044045, -0.21163161731864208, 0.21313331112744213, 0.5027793989420715, -0.29395092086145874, 0.03585760867860403
0.36934218116861717, -0.1529089982292092, 0.6640907713712586, 0.5027175105379302, -0.22894549312886558, 0.3771988729655913
0.37002408294638145, -0.03957712503960919, 0.7245106693739035, 0.3563570616469628, -0.04896170283700485, 0.47526849106101765
0.6843659907780626, 0.0010898297566006485, 0.7063099994200013, 0.259714261521298, -0.01073935469465724, 0.5096240541898994
0.482455383018792, -0.00797726275326596, 0.3177071057311194, 0.171375637490973, -0.0009626901345496965, 0.4450420712775084
0.44318209123535235, -0.18822408142035849, 0.9306550664305463, 0.3699752645681231, -0.30283022990217956, 0.21826208326900493
0.36554440039849906, -0.16845523800116852, 0.9896155694163876, 0.34965299913663855, -0.27231337645458514, 0.07322718931658105
0.5098349386319971, -0.2690275138547691, 0.609814845986359, 0.38087738941607285, -0.4303147641994688, 0.15842283035367258
0.7191845187511393, -0.28938116898688576, 1.1269262333653238, 0.4082650192232663, -0.4120473602579326, 0.1804551379766159
0.4101485848632387, 0.06671277558852706, 0.7445745923867523, 0.23197760826323724, 0.12275893117985259, 0.4677495630171781
0.4618821213985715, 0.013834233432260834, 0.6096725597369147, 0.3322011083659953, 0.023964834806115224, 0.6098431563163222
0.7261889990721224, 0.06474881512371167, 0.7122090937075464, 0.38804849489189747, 0.1246448172390422, 0.47526849106101765
0.4947430364354023, -0.11838529869853753, 0.6899113155903487, 0.13003802237061535, -0.23979222257678734, 0.47526849106101765
0.3642930532339515, -0.0931723385520158, 0.9165908497517329, 0.29687821465534836, -0.14920718947403133, 0.4844032053161604
0.4612169984360265, -0.20370400429334098, 0.46215119341013733, 0.4719220025028062, -0.31237870960603425, 0.03585760867860403
0.5327619722327883, 0.040213156910068465, 0.8156317361416066, 0.31545456113070885, 0.055815414298294314, 0.3333218801685573
0.5610938872700102, 0.020320663509607217, 0.23959933681129109, 0.07555298167929134, 0.044771169245911645, 0.425898627713912
0.5754551487031329, -0.08171537285591025, 0.1907613197765196, 0.04779837912743245, -0.34143505407380415, 0.3615162666971142
0.5247676410429343, -0.06158053128573763, 0.7395487104561335, 0.2957714889762303, -0.09195214656226067, 0.12520839247670165
0.4394854330418164, -0.09211923819558426, 0.6623114403724222, 0.34954413557994035, -0.11994275370509158, 0.27618157274736604
0.3606584425029954, -0.20613601500155607, 0.3611006613039236, 0.4901613591453543, -0.2907720164772917, 0.07322718931658105
0.5779084783075994, 0.1163675690563224, 0.6696313800187893, 0.15985350886833627, 0.23365208063650816, 0.21470771056499074
0.43676432905280754, -0.029106829644833184, 0.6824433299223851, 0.30744479258580315, -0.039757260444239564, 0.606778220537851
0.6902757027644051, -0.3398683033795284, 0.7583983616233568, 0.5078881437833949, -0.5253125752465078, 0.37812849303046603
0.36313497311813087, 0.034589386037031294, 0.31088164523549144, 0.2439152342267471, 0.0835257143379979, 0.3332698221805029
0.46058313494627984, 0.06899851375754201, 0.5628664817355399, 0.2012301407464213, 0.1332606323982833, 0.025482465852576356
0.35313986869806036, -0.13554332293694077, 0.9447543360643816, 0.47494009095070344, -0.2155974287214085, 0.5229991046397737
0.588617187021386, -0.11514670784872821, 0.32130352553607666, 0.3090450711656085, -0.19447767183118103, 0.43665565160626835
0.5992313058006602, 0.09335021463917846, 0.6938343204549213, 0.23049401855263704, 0.15901950314681224, 0.43665565160626835
0.27795692690976515, -0.07981466433635251, 0.4478646473338832, 0.5566663785165652, -0.12994989136989432, 0.5681575800872601
0.23063551968430812, 0.09868007589935834, 0.5123222958355447, 0.5023785879327723, 0.14919122471053345, 0.38836989213284306
0.7736898570918229, -0.23574694160981083, 0.8105562110007887, 0.3832218458638892, -0.27017734907445584, 0.27618157274736604
0.5487683016302749, 0.10561464258563052, 0.8853332760829534, 0.5174070379796796, 0.14452697384126226, 0.0063926970129947105
0.2064508336855781, 0.048603895508845335, 0.17649262194167506, 0.5869031766528632, 0.07355227655092199, 0.5277657848957485
0.35822873764670665, 0.011066614030784348, 1.3361121734388337, 0.3869180647691589, -0.003597534019745235, 0.606778220537851
0.4193801145324861, 0.07900073193422948, 0.46292765334483327, 0.07882890900432306, 0.22391077850106758, 0.5704733057616476
0.3529789188382451, -0.1546406673787147, 0.4056626328537022, 0.5811174969646488, -0.23618840414060585, 0.43339992459577553
0.6399293064161107, -0.0990864501032992, 0.5805945189575836, 0.2619197663522984, -0.17846359575739398, 0.07322718931658105
0.5894955132569694, 0.1438207488249133, 1.1779577840203874, 0.38281500135666235, 0.2731801576202103, 0.1630093038021554
0.18373727208783905, 0.08846533637081878, 0.4710743314735763, 0.5111908597786075, 0.13009120840648783, 0.38836989213284306
0.3663490447007851, -0.16750521632595508, 0.8157694553384651, 0.5382824347573316, -0.27823668539773794, 0.43665565160626835
0.6785296668904653, 0.08407818422834154, 0.7784731241229014, 0.2656295220755056, 0.14861000231431296, 0.44932270490501103
0.8056956263408859, -0.21214521162917346, 0.7846850148032334, 0.328128723595622, -0.2915944567633542, 0.43665565160626835
0.30497847892821456, -0.12281620805079459, 0.3471271885203622, 0.6000478841287078, -0.18201739018688548, 0.5704733057616476
0.7287555485166763, -0.17140937699634196, 0.532619807319846, 0.36457272651905404, -0.24725966420460158, 0.606778220537851
0.5786183223534117, -0.31942532607690627, 0.9054740887675052, 0.5045753605856396, -0.4659594556153985, 0.29588005200055395
0.33436766160963044, 0.04891200941405141, 0.668914818518671, 0.26168333563120266, 0.08688993344206074, 0.5457099753740363
0.039639766099402646, -0.0033535577736808196, 0.4853576777627902, 0.27993981171622795, -0.007837326373929997, 0.014107837585722099
0.43505009887682683, -0.031719001400287675, 0.05854126108189793, 0.01750913891510326, -0.19131818259565259, 0.3326086761193973
0.24623508377315606, 0.050878566269714584, 0.8160461827607967, 0.36287603475424995, 0.08320388921308373, 0.27618157274736604
0.7593185386402536, -0.08624868807550054, 0.7929475682750451, 0.3309202004962428, -0.04745102990679958, 0.29588005200055395
0.2322613483557103, -0.10122461203752119, 0.21334712962272614, 0.6206004828918447, -0.1426917242349754, 0.47526849106101765
0.3209803862441836, 0.09348656091352713, 0.46324246544000564, 0.5785190171127974, 0.145779537667229, 0.5217813935368355
0.18684272345770278, 0.0004974028257037547, 0.20623958970841597, 0.672268641698284, 0.001472794609171201, 0.27618157274736604
0.3318565961622831, -0.10892720963186373, 0.8189244325218726, 0.2217283799711591, -0.1919977504735203, 0.5704733057616476
0.4604647507581403, -0.09479234332356481, 1.3172575004267657, 0.39328084048646644, -0.1498542547055158, 0.052501679205032625
0.4837581352601332, 0.19906061479134823, 1.1709241148624325, 0.45239176846889884, 0.34914330499135865, 0.1630093038021554
0.40118512481913676, -0.17301397565810098, 0.6994772950832684, 0.563120827047236, -0.2599939691857231, 0.38836989213284306
0.6516461302858993, -0.07451939808625987, 0.5993093177921953, 0.38943239793530277, -0.08120893409820588, 0.4844032053161604
0.6848087822673533, 0.08885737953529359, 0.9139858711010472, 0.28248864337345025, 0.12748964905627172, 0.5704733057616476
0.130776522891524, 0.07337660221464072, 0.2591268169537315, 0.5803174562133104, 0.09905435906794115, 0.2506762379046927
0.5768528885073908, -0.025565069813245512, 0.33567976266851196, 0.15239822313648996, -0.08735830705652789, 0.1900916797403121
0.5520715916381647, -0.32682438259265095, 0.634219408094527, 0.5078832198188646, -0.4489900246581464, 0.052501679205032625
0.4884583295145648, 0.22191457447875507, 0.6983340407561249, 0.4859793352456937, 0.3504867163589402, 0.17049340437310703
0.3087749628915841, -0.019748762340777836, 0.489571697029492, 0.2982149827117305, -0.022245282081925076, 0.43339992459577553
0.29408899589498494, 0.003800812897038191, 0.7769071411823946, 0.2711704079325346, 0.009898799987205527, 0.5495189428775507
0.7160589492368373, 0.14057979229463666, 0.5755287962024923, 0.3560954973201056, 0.2134658604901176, 0.425898627713912
0.2923550982349836, -0.017178519722579527, 0.8313219058792767, 0.22778774081239905, -0.04095049872486852, 0.07322718931658105
0.6409220684333348, 0.014570590727688484, 0.7331913037776264, 0.2647528280807323, 0.022619911943088516, 0.1630093038021554
0.36272802445107866, -0.025042190986809317, 0.2529238477671285, 0.06781734481399299, -0.05374697267937597, 0.47526849106101765
0.6390831401255905, 0.0023583243501614087, 0.6402417486634939, 0.2510468041744001, 0.020113915129896496, 0.5704733057616476
0.6481263000579587, -0.07987819580570464, 0.7262015930851535, 0.18669677360806383, -0.15027429274430384, 0.07322718931658105
0.30524894733474506, 0.17133302457942157, 0.3111963978072738, 0.5959714638784417, 0.2556542418019957, 0.43665565160626835
0.4303804002153029, -0.16283558811553223, 0.8457624444028901, 0.31855423006915207, -0.28063361524887875, 0.47526849106101765
0.602776252076587, -0.06289441696769982, 0.6523562826019973, 0.26839654564467164, -0.106184312729646, 0.11999670657988297
0.1583899696343775, 0.04816934059786613, 0.359021470967845, 0.5844126343606111, 0.07077075353948002, 0.27618157274736604
0.7840876744843341, -0.005840849895456739, 0.9955258526862464, 0.27103050318449806, 0.09065947676117067, 0.6304591380875799
0.41060056793154, -0.13771596964155397, 0.6099692019559262, 0.3948479195734862, -0.22238881462951632, 0.17517468755673124
0.21717399425428638, -0.06772757378535828, 0.484650102024235, 0.5279119681054327, -0.09130656009679321, 0.5180325783849825
0.7507878732620863, -0.12448580524769365, 0.6731950535085205, 0.35291433006337625, -0.15326031754427016, 0.011355688744080397
0.8030946283425487, -0.1376401050294753, 0.8998332712169241, 0.31864226051401706, -0.2126769319358943, 0.4898182965054113
0.7591410213843404, -0.2426440096149782, 1.223468257263741, 0.4086594858251407, -0.3551536593673144, 0.29588005200055395
0.30347192436858966, -0.14549472972039054, 0.19377342223488978, 0.5709953738651482, -0.20187082057892533, 0.47526849106101765
0.31889931180857994, 0.13845538054320822, 0.2709973559713352, 0.5757555007820896, 0.2101575659647471, 0.606778220537851
0.5455426634992048, -0.32103580006694016, 0.5072856975214886, 0.4081816394106468, -0.49529767534841423, 0.052501679205032625
0.5219687258844116, -0.33639189758565924, 0.1906947739425621, 0.5944335187669184, -0.45709988377339633, 0.0749707769061051
0.2374405127912721, 0.08954514076580274, 0.6633322331820197, 0.4247267063047696, 0.14065366463228512, 0.1804551379766159
0.45300504508405054, -0.012142262848200651, 0.7539272796727512, 0.2248653177474905, -0.014595373287799243, 0.43665565160626835
0.34902334661417306, 0.07491735234523764, 0.8858346048813242, 0.3227206663818512, 0.1255934242655807, 0.43339992459577553
0.6112321937681069, -0.03044934378463709, 0.5200765277085154, 0.34482776941374693, -0.01992815548678922, 0.5704733057616476
0.7213645750777884, -0.17699101674710646, 0.8829425325524796, 0.3780379742672004, -0.2727605718834904, 0.03585760867860403
0.7039523645109057, -0.009501810525682131, 0.6628295724941493, 0.18076310669839113, -0.012976577272246997, 0.38836989213284306
0.7699282126320907, 0.0034285164861040645, 0.7846524161632981, 0.25088691151377046, 0.0462975709507665, 0.4898182965054113
0.4864140140795337, -0.10445223956016142, 0.7129488896081781, 0.2689869485154468, -0.17127057641329418, 0.47526849106101765
0.7755706174054486, -0.020605587815541296, 0.597361051677662, 0.24151009050823333, -0.06692233364000413, 0.47526849106101765
0.32892826440502704, -0.1660928083214761, 0.7206297119813121, 0.49159195718261417, -0.23131493662115088, 0.03585760867860403
0.24792715397081125, -0.05339755122443164, 0.40496251171353764, 0.5972198239986187, -0.056905147569430506, 0.4892639011687902
0.777186023292714, -0.05941512731095101, 1.0193603813872958, 0.24446844140543067, -0.039082843061613394, 0.4898182965054113
0.5243291784605408, -0.24638178077970602, 0.9480539223894147, 0.46890203292047666, -0.39862223837470034, 0.07322718931658105
0.47921765665304406, 0.017918522887811424, 0.5523656072988935, 0.31756041740884494, 0.0341803129172312, 0.39255310671717164
0.2606900413309484, 0.032346567548894124, 0.7764797240186688, 0.29916749840676254, 0.0474594622534168, 0.07322718931658105
0.6768691628284096, 0.0277093408792532, 0.5764784349755058, 0.13274972084423525, 0.029304191855510125, 0.03585760867860403
0.42323012105822605, -0.2052191208913528, 0.297407215326328, 0.5794292580626953, -0.29338157765104866, 0.240506429060917
0.7344658932840643, -0.07704390611883558, 0.8156348538830624, 0.2458053763033096, -0.1160204532204687, 0.43339992459577553
0.6868396429472393, 0.06642444113802562, 0.7434467755472176, 0.2651265124558385, 0.11220271516758638, 0.43665565160626835
0.3548265689355323, -0.14510987070301, 0.6920514709632893, 0.5697480041522769, -0.22454197168200934, 0.38836989213284306
0.3063614381805758, 0.12711929614515052, 0.792963273963427, 0.38398923040875643, 0.2125652971817029, 0.47526849106101765
0.6871917232041592, 0.06458577987405892, 0.9131677268914377, 0.45837460278834236, 0.12603332309780396, 0.43665565160626835
0.3757235665688733, -0.06809472204910949, 0.9020580461365957, 0.15254593990731194, -0.11143516599435634, 0.38836989213284306
0.7603549817429992, -0.2071545452205899, 0.6955826017230572, 0.4189680260073356, -0.2884463698370821, 0.1630093038021554
0.4307875957944319, -0.01390398950911514, 0.8391527475800659, 0.30030640557943356, -0.019922596606587697, 0.03585760867860403
0.5678291846833508, -0.01840239825297162, 0.48534187580496796, 0.20584607852155215, -0.04561243758654276, 0.43665565160626835
0.5197477554952161, 0.025322394564060137, 0.5042246817389504, 0.19219594263164422, 0.01988893283196415, 0.47526849106101765
0.36179740315173364, 0.03513218801097556, 0.40634782819759396, 0.2003595825733463, 0.1076029395317565, 0.3515503713946335
0.6305449480629498, 0.08976472655539348, 0.28188110743639594, 0.13843266232078727, 0.22515385684089673, 0.5704733057616476
0.347296226925236, 0.10491761748316425, 0.6474694854022769, 0.5026536794082055, 0.18842225359562353, 0.47526849106101765
0.739396770698731, 0.0722180723222794, 0.47868105333352085, 0.2870078179046141, 0.1578328752941567, 0.03585760867860403
0.7592077443432096, -0.08884756229943686, 0.5521865013638952, 0.3309780094700308, -0.10248851569828708, 0.38836989213284306
0.37960349048861297, -0.07169537381570817, 0.725536333614422, 0.4275401897374067, -0.11492990239532752, 0.47526849106101765
0.29818218451012246, -0.0074965498737710025, 0.44810372216776817, 0.5062919916205888, 4.2772243533349685e-05, 0.15601562184261825
0.39791307183289776, -0.07157767763802167, 0.9637523090511156, 0.47250298307237015, -0.10980044424053156, 0.03585760867860403
0.3588984146658145, -0.1557731060653786, 0.2404488461261925, 0.5043703416392159, -0.22622246802664647, 0.03585760867860403
0.6279456556790154, 0.26369230179979236, 0.3463314723802645, 0.551007864608681, 0.37437763215513015, 0.06228902218654464
0.2756474471435835, -0.022892696281456244, 0.9589717731371583, 0.4770085545485482, -0.04814513771522539, 0.02243871515211368
0.42459540577154925, -0.023805679103373136, 0.5684795298808325, 0.2956667904310086, -0.06632349902194298, 0.29588005200055395
0.767711323278215, -0.1312147051894144, 0.7436156403515194, 0.3132848701508366, -0.19517798268734324, 0.606778220537851
0.7045947499397414, -0.12782829100631202, 0.6680883130490111, 0.301458094013061, -0.20274993395147012, 0.43665565160626835
0.675890728706457, -0.08804555942125933, 0.32303754821487696, 0.11708184171148622, -0.1909436987193347, 0.13192084452670963
0.6120729973705743, -0.027564309037767236, 0.6934508430839554, 0.23791207762184163, -0.037454635158293954, 0.17049340437310703
0.3527717871486668, -0.02890974747286493, 0.4357750874483082, 0.13581894001896402, -0.0838581054163889, 0.031992361421168354
0.5904392547746089, -0.3302239262792331, 0.5127031270560203, 0.5132675306449477, -0.48424055365868746, 0.07322718931658105
0.5596794083891665, -0.26451086220983777, 0.7735219105476058, 0.4382400197793196, -0.4064480946695461, 0.3246001773300557
0.8259260056864437, -0.11862918764859375, 0.5639700707427918, 0.3457848263017342, -0.13041783265098947, 0.46735382782085005
0.843470791656959, -0.09304473601308111, 0.5548654490441947, 0.25275813851120144, -0.13979251587572894, 0.5213011372796499
0.26815256526058523, 0.11303807287306278, 0.48241910570108293, 0.4770499530635184, 0.19448231531185467, 0.27670309119158537
0.56766125832158, -0.29490338409425193, 0.778265579668207, 0.44357258506158187, -0.4810716469764357, 0.07322718931658105
0.5069835985341222, 0.20010933073572407, 0.5208546838390948, 0.6195617530921155, 0.2229447932547433, 0.07322718931658105
0.6740036448391986, -0.14830488600624914, 1.2378253303255038, 0.32551148667724106, -0.14231599296318648, 0.0063926970129947105
0.4391079315716078, 0.02895292931343858, 0.753170672091442, 0.22131379139498697, 0.06329779894606449, 0.23084156780602727
0.4230331583472872, -0.024633959012377093, 0.7128292732134298, 0.11774601194612438, -0.013190542538974386, 0.38613858148393604
0.47444057994038474, 0.040244403587005914, 0.9916321601821448, 0.2879134958671118, 0.10330810280415686, 0.606778220537851
0.8256573275944846, -0.108497436245823, 0.7960969077654181, 0.3413771509924824, -0.15568916148658396, 0.2779805241251231
0.4372773578674563, 0.23234235353297675, 0.28223015271129187, 0.6251309932414963, 0.31248646729791973, 0.6157696953442109
0.7910980846857422, -0.24480117869468457, 0.5383634886445987, 0.3367297879673174, -0.354331223025634, 0.22649419600513
0.028093487166912724, 0.00012769913379109167, 0.7948517786654199, 0.28668329751241406, -0.0004956463212358203, 0.014107837585722099
0.7659502350046741, -0.2551218000129577, 0.6040106089660201, 0.3840520834953212, -0.3747992370578471, 0.38836989213284306
0.7123017099970206, 0.11873418723384081, 0.3448100882484143, 0.08664900867895053, 0.33649784801581384, 0.4898182965054113
0.7600197430184896, 0.0033244575959013624, 0.5060080211823881, 0.24555166985626437, 0.030502633084349196, 0.5704733057616476
0.15466448115690015, 0.025568224724118474, 0.6178165716398729, 0.35699741072565344, 0.032861818926563195, 0.43311656429751116
0.4393945327326347, 0.032716045119730065, 1.303877235873625, 0.528706666683868, 0.006714347331633588, 0.04455110646925269
0.5158907450363536, -0.10277644409731901, 1.1544090105609544, 0.4106674662262334, -0.15203651266741872, 0.052501679205032625
0.4472369299818638, -0.03481853026893797, 1.0410216361110414, 0.42897747747468495, -0.049659341450733446, 0.0072469524689404855
0.8064424770506203, 0.0787819691062355, 0.38334791977418514, 0.25394458445571083, 0.12054240711223697, 0.0749707769061051
0.3794662302490079, -0.022513566563674856, 0.30838498935908487, 0.2087117197784754, -0.06309398106381926, 0.43665565160626835
0.4607191325448079, 0.05012046852130158, 0.5895188736222999, 0.3905521964052396, 0.09970216113868759, 0.03829228956874387
0.6695368964472124, -0.2866069323726333, 1.1263931277164343, 0.373284179800074, -0.43598475580949647, 0.0063926970129947105
0.7585013922733307, -0.2969660334796674, 0.7515353779438598, 0.33946778152621426, -0.48513333010603477, 0.43665565160626835
0.21733572907307117, 0.0682762078315165, 0.2692947300171908, 0.5992375789405994, 0.08294887468593538, 0.0749707769061051
0.18282986280052296, 0.024413741661678787, 0.6403960382957132, 0.5191690913817832, 0.04545879035171159, 0.27618157274736604
0.726563234117267, -0.08202319939963817, 0.6487111539151172, 0.332499707664148, -0.10601384047615553, 0.6354257779251499
0.7446679884223465, -0.02125278128431448, 0.5256292359430269, 0.16420275505505105, -0.046038523962169606, 0.5704733057616476
0.10986015241815479, 0.02408904143422336, 0.8743063874907203, 0.3940893812044084, 0.03602465556564969, 0.29588005200055395
0.34812377569372926, -0.08472388202940757, 0.4683422641465478, 0.35231667754971413, -0.12677824786779524, 0.03585760867860403
0.5680006213193368, -0.06565660906128062, 1.2169947796506175, 0.38830813511479234, -0.12334058810412761, 0.43665565160626835
0.5053421580451011, -0.05441025827145122, 1.2761718779589064, 0.29612210592737315, -0.08148512013061986, 0.27618157274736604
0.5727665504541507, -0.0461957336468733, 0.8114734971709023, 0.3937480491098706, -0.08733678748680393, 0.606778220537851
0.34320193057645476, -0.1140357111300317, 0.582593121725412, 0.48620127191497153, -0.1923462017414264, 0.606778220537851
0.29954814630507687, 0.07964501026128044, 0.48141734809754333, 0.5636173608237215, 0.11382753766997039, 0.5229991046397737
0.7948552972316911, -0.04378848346967657, 0.39144147911367433, 0.3002496708687635, -0.0014669261447582901, 0.002503113274699483
0.05102397349127876, -0.002679752381434909, 0.8734504435707815, 0.2499494912997597, -0.008923200252002737, 0.060474798284181536
0.7264639636599318, 0.08389244524113064, 0.33044043062072914, 0.2433661209720511, 0.17058900419031212, 0.03585760867860403
0.6612300439627142, 0.08828607485679477, 0.7103833877671949, 0.30824513746251136, 0.15211068433502492, 0.425898627713912
0.4614505846506639, -0.0076474391904034, 0.7951913934942886, 0.29324828205281844, 0.004070250052368406, 0.606778220537851
0.1051604624436455, 0.06507774602285742, 0.2751521966394921, 0.5997494530332269, 0.07938466767862093, 0.2506762379046927
0.5404906647064588, -0.07894082357150058, 0.7539638181020382, 0.34341353889136583, -0.11292239762488977, 0.27618157274736604
0.35924544155048854, 0.18074207361805775, 0.4221381741409869, 0.6270989403534589, 0.26721404093860124, 0.606778220537851
0.33313269048954647, -0.04503855618019886, 0.8378832041918911, 0.3381521956192504, -0.06026488964167107, 0.5704733057616476
0.4104230649062449, -0.004547312891057062, 0.8538180630013504, 0.40888943268378064, -0.01521187323432493, 0.3326086761193973
0.7981898030513004, -0.09634356766304018, 0.5937464125555667, 0.2583801431781813, -0.12593535068712483, 0.3326086761193973
0.5276677274829735, -0.07647021448232562, 0.09152639184575566, 0.04421712499341126, -0.34096890724602213, 0.22138249333444113
0.6908634287738906, -0.09048140678733477, 0.6930827374475923, 0.31514197566504315, -0.09034710557755277, 0.5668318328921804
0.5924681346372807, -0.33916995009169026, 0.5758831429251859, 0.4971265692111407, -0.5208897007216396, 0.07322718931658105
0.547270679039649, -0.06751920546415566, 0.26679366855490655, 0.09440180201303433, -0.1767913580882436, 0.3326086761193973
0.30818319566569896, 0.10225203599193324, 0.7874793260779539, 0.5113192422053554, 0.1905151006069593, 0.5277657848957485
0.5844919817445932, -0.36637268842329285, 0.4913028514245208, 0.5244220767212759, -0.5146318399218821, 0.2803758738905242
0.574677196603615, -0.051523264914459535, 1.065532896510039, 0.3549226911155824, -0.05127511979777143, 0.4470475560599932
0.44871225280148413, -0.25886895092657203, 0.14861011668672375, 0.5413584523286212, -0.3643433753192863, 0.052501679205032625
0.6466809613576383, -0.15473652110787392, 0.6362628915944686, 0.3925765471086051, -0.22311721645086766, 0.43665565160626835
0.30566967433490233, -0.006562620464498739, 0.42047287666572286, 0.17265223375298547, -0.017106743765489128, 0.27213427088180675
0.4158254350503742, -0.10603753313590453, 1.3753482038249338, 0.3978107862445789, -0.1375034860154582, 0.17049340437310703
0.6202624877689749, 0.07521118387176452, 0.7736147682228248, 0.47207876914491687, 0.13475327030707665, 0.43665565160626835
0.5847693797452146, -0.2748266246367695, 0.8924585386494008, 0.4666912939741385, -0.4062146442902907, 0.37812849303046603
0.6715549666600513, -0.38495539110016386, 0.4528269630510578, 0.5414186630849512, -0.5636879862656652, 0.27618157274736604
0.7047838014700843, -0.24437723687438984, 0.33617446190850914, 0.4072284092879352, -0.3770037154463919, 0.37812849303046603
0.33031211019790857, 0.020709699204346198, 1.0956655659646222, 0.3760326151851061, 0.037832349269687454, 0.27618157274736604
0.5714884188901269, -0.3327639355001218, 0.5393804615761608, 0.4688739751558937, -0.5018520530742656, 0.014107837585722099
0.725582334754007, -0.07901020618350509, 0.2692515563576921, 0.33968867852118056, -0.09700625945767564, 0.425898627713912
0.6306917990273047, 0.061138883464554705, 0.5051590932894128, 0.2243748319737474, 0.10964337897239945, 0.6394347239024734
0.30771211136984516, -0.06859201804530843, 0.8429686320892621, 0.3798520349347428, -0.09950121155660213, 0.5501064728603654
0.7016064656377199, 0.02211299082142371, 0.7514243924864675, 0.34773507343837085, 0.029108752492099047, 0.3326086761193973
0.738771422720009, -0.05860661202961718, 0.6301500173525114, 0.32139544501819595, -0.07926334699957222, 0.1630093038021554
0.3511955961178633, 0.008860930218102797, 0.3890706478206939, 0.2022390368033767, 0.013190540407343838, 0.27618157274736604
0.36135814904055263, -0.1814711442338056, 0.6355483657356431, 0.613165690865962, -0.28492373433102397, 0.5490568837982587
0.370194088787137, -0.07018065117417935, 0.19200122418620946, 0.15775642488611127, -0.16878526024509344, 0.1584452736590258
0.5142037278845534, 0.2937794886697497, 0.5186333172075248, 0.46120249286148574, 0.47436040231166055, 0.4898182965054113
0.7837265091776061, -0.22619114942593072, 0.9196612612926927, 0.4058512486355746, -0.3478309943421594, 0.2506762379046927
0.475270412581714, -0.058200804006767984, 0.9013920762973785, 0.3289695945049468, -0.10005846936728328, 0.6304591380875799
0.795130894484507, -0.12956395084524902, 0.6926830034560115, 0.33813630242389114, -0.13094691525696078, 0.06579669932160015
0.4788285803188628, 0.022224227331078303, 0.7866832486365651, 0.22898601474211897, -0.0013878815710222016, 0.025482465852576356
0.37099451054525495, -0.002283861510127913, 0.4367026664946942, 0.1342535684714996, 0.021329057314012995, 0.3326086761193973
0.553301129137334, 0.17801896335652956, 0.8394718478308664, 0.4409658965226815, 0.2663225840032553, 0.17049340437310703
0.5726006990116604, 0.14152705634956922, 1.0647073623431162, 0.395434453363961, 0.23238830845659053, 0.18350559435956398
0.7344636892790081, -0.030773312821728176, 0.7079109422516526, 0.334736784665853, 0.03937947203984869, 0.1630093038021554
0.683282319874444, 0.29828001220881306, 0.42499322969093006, 0.4946040526592819, 0.44269833790934443, 0.0010892975365142945
0.782806065619446, -0.07447764426701811, 0.7445165413065599, 0.16304649813216962, -0.1747179734154833, 0.606778220537851
0.45822817326669063, 0.12547940086771456, 0.8399677030184699, 0.3047753922962817, 0.22826326165929803, 0.052501679205032625
0.542775524816296, 0.2479200486628638, 0.373922577144589, 0.5143945554505323, 0.35313696144612394, 0.425898627713912
0.49020095529217955, 0.08901990322888864, 0.763311467340306, 0.48043595462459704, 0.10845990315293606, 0.29588005200055395
0.7725407410597078, -0.25418599329720676, 0.6044064903799525, 0.36186305502549265, -0.3865236113752733, 0.43665565160626835
0.695174050155251, -0.0911875113919245, 0.8119112816612697, 0.3344701479150871, -0.12440970188973982, 0.6304591380875799
0.3658803930941829, -0.19101623970284826, 0.3397245549535765, 0.5314129895135609, -0.2735835161041843, 0.45377814905838837
0.7862266322585887, -0.11777355810334555, 0.7060756049159513, 0.36758306631734733, -0.06733874630699029, 0.03398060800221361
0.5815000191329527, 0.21418327480138047, 0.41048640838997147, 0.5754346287123157, 0.2607015903527045, 0.03525009969201163
0.551535228466236, 0.007366872174314481, 1.0890975009153099, 0.4378294303274123, 0.001705393377891418, 0.08477038366127056
0.24444756685480995, 0.1093005914064008, 0.6359516813072269, 0.5309751949467575, 0.17352919023217483, 0.27670309119158537
0.7813537973724155, 0.09745938025171524, 0.42116908560857347, 0.16664131790834788, 0.1974900472353033, 0.06130713066666902
0.25466250137220725, -0.07500841106880914, 0.663788614391858, 0.5860786226717399, -0.12431020867632653, 0.3219337892282836
0.8156449357557909, -0.34753880694376144, 0.6835539853153787, 0.3924206677273825, -0.4678372347382704, 0.22649419600513
0.6153653858208199, -0.3394726589998568, 0.22022745201482735, 0.5095020012833636, -0.49626355078793305, 0.07322718931658105
0.4405864039750391, 0.05396208162009049, 0.9424728946450507, 0.37252961093695736, 0.07005645296112703, 0.4735586960860767
0.6446884833843124, -0.3315425964718006, 0.36889571845587993, 0.47912838883340425, -0.4707430967414669, 0.3305380505415076
0.7706763438910024, -0.08610906066990082, 0.9389646084786619, 0.2756865896106866, -0.12091810746224235, 0.425898627713912
0.32983700899603924, -0.06790140761921853, 1.0617524539355765, 0.5546446256630989, -0.11729517967291656, 0.22649419600513
0.8636506539145299, 0.3390853613878809, 0.921612909983995, 0.3188197161859251, 0.5780921448303895, 0.0010892975365142945
0.23321842397832018, -0.032715304350978976, 0.6572002641294432, 0.4874483925792768, -0.060507528038752936, 0.4898182965054113
0.48494190338446974, 0.08833595251258133, 0.3895244721983275, 0.1608001305242766, 0.17818175924379415, 0.0063926970129947105
0.4519331570535246, -0.18543598506733364, 0.8529316326564413, 0.48910495185171166, -0.3055622173158812, 0.5490568837982587
0.25872233241028786, -0.021053665022436455, 0.3833628630055208, 0.5839989578948, -0.021222128190174695, 0.37812849303046603
0.5541066647667673, 0.23357340228858015, 0.2507582281283394, 0.6032524554711902, 0.32313528578939477, 0.07322718931658105
0.7937970726822615, -0.21044761986614044, 0.6772552437931135, 0.34693694017782795, -0.36844532024900795, 0.2779805241251231
0.31462848999081383, -0.10834941815292265, 0.9487043797116088, 0.44915783869228254, -0.1674526430575823, 0.5504533249631489
0.4915069997316972, -0.04357048108575659, 1.4210667057074988, 0.24530538318068026, -0.06271068732206503, 0.27618157274736604
0.6450038741800814, -0.10860051407243775, 0.7805924447117633, 0.3355830267729401, -0.1437062936371622, 0.43665565160626835
0.7494417842174219, -0.11932620530939372, 0.4904639142373415, 0.2937407401557909, -0.15642342931194916, 0.425898627713912
0.7767954117337122, -0.1409105203275695, 0.5938894350591597, 0.350602135633153, -0.19536712842720785, 0.04455110646925269
0.5635277328751457, 0.0159390253954835, 0.3007746025595914, 0.36144352397308793, 0.01660816845796287, 0.425898627713912
0.4023930385896014, -0.14094054314345303, 0.8658345328769957, 0.4280713472525919, -0.23171665549635012, 0.606778220537851
0.7261462452226607, 0.20754027222761773, 0.29976723697500646, 0.16735939341442735, 0.5414019335891147, 0.07322718931658105
0.5725393687164216, 0.12300104641791322, 1.6594364755894369, 0.3862994775410204, 0.14518314565114815, 0.18350559435956398
0.6115500443372719, 0.24851194468064525, 0.4408402079192319, 0.340625824674267, 0.4192216241059241, 0.0943812547286994
0.7993796035853019, 0.18988003650916682, 0.4009550779295747, 0.10770777480136179, 0.5703625095995708, 0.06228902218654464
0.22352174651712317, -0.04637996616073989, 0.39272363127377735, 0.5920283973296715, -0.05971009724982001, 0.03585760867860403
0.8371106304714178, -0.3048063285491294, 0.7390146394871215, 0.32043143184821354, -0.4540620067739375, 0.22649419600513
0.792875949942179, -0.03683992200914446, 0.6346940458782718, 0.26696757050771447, -0.05679397889361884, 0.606778220537851
0.46028574805603417, -0.053594002079582564, 1.8729834492116442, 0.3624695003078482, -0.06840923641868113, 0.20069484910059832
0.7368346733601716, -0.11370391271818414, 0.7804679246438184, 0.36011615908443917, -0.186724440253374, 0.425898627713912
0.8272213953953869, -0.3864924463739507, 0.30521190001465165, 0.4339933002307053, -0.5998887513717285, 0.4087292165816532
0.7846203707328478, -0.1004735641603343, 0.8283254193801303, 0.23977762144038273, -0.11298926875873368, 0.425898627713912
0.44056291026253935, -0.22854389558896732, 0.39200869589970855, 0.5159452201500591, -0.3227643016285748, 0.3137187145126891
0.29327574393870376, 0.0024362351851148606, 0.9224969194998296, 0.4240746375487433, -0.034603848607323184, 0.0749707769061051
0.4647406384254998, 0.03602308037561643, 2.321578725279187, 0.473542738209721, -0.01674026963848444, 0.04455110646925269
0.7355625332702644, 0.04980005495216647, 0.6534477757333467, 0.29780096547555635, 0.06534236093402729, 0.03585760867860403
0.70718858919452, 0.11706588107172414, 0.9637883427915922, 0.3677548455911228, 0.17970808334850857, 0.18103946301521287
0.25568709947201623, -0.013254781637659044, 0.4770686735926671, 0.3326838522527197, -0.018076844145969384, 0.6157696953442109
0.48868856807131034, -0.1615827125874349, 0.7315206430273535, 0.4541827358315539, -0.22673823664333573, 0.07322718931658105
0.5023051894077513, 0.18549327493716078, 1.493327792836115, 0.4385363560630722, 0.21480225707983472, 0.08143390528507302
0.747304752015815, -0.029916038418808456, 0.9821430737705457, 0.36055529367427175, -0.050682923565666345, 0.4826169729923734
0.138986236659507, 0.04498187358714073, 0.8110785040749114, 0.5662484234311355, 0.10007182608631016, 0.43665565160626835
0.6726518440232677, -0.35485701135178743, 0.5514686998226918, 0.526448913837563, -0.49623379122556704, 0.3161023831323585
0.5024720960346937, 0.1234840276969753, 1.0547143448051945, 0.5131809159954416, 0.15589904963276469, 0.0749707769061051
0.637228794795081, -0.3347870136096028, 0.4491119227643365, 0.45304852519654004, -0.5154988412969495, 0.07322718931658105
0.6553640734925552, -0.19089073056692757, 0.828416178617273, 0.23518763012226454, -0.39120415148183535, 0.0648599006698577
0.6986924494078327, 0.27190326588583824, 0.4203538797651361, 0.32539373366638225, 0.509632913751667, 0.0749707769061051
0.3921909211882695, -0.007859605927564883, 0.6799149084992862, 0.15656532892658462, 0.05330793035719946, 0.43665565160626835
0.8025356660277205, -0.14564866369732676, 0.7749894116000371, 0.3431231887704749, -0.1959116063073239, 0.22138249333444113
0.4545756122006863, -0.049516538739470733, 0.7959225901776731, 0.13917888085169733, -0.19221180925484427, 0.2506762379046927
0.24670189940266368, 0.029139286788190586, 1.2671426292745058, 0.47604998612457466, 0.051458913297473236, 0.27618157274736604
0.3073658381960197, 0.1256720514386586, 0.6768710719507586, 0.520866519060404, 0.20811410772316324, 0.1584452736590258
0.6804606094383426, -0.16087669862067963, 1.2254412574263212, 0.31866210879603796, -0.2507629449937129, 0.052501679205032625
0.5468609961402694, -0.07930146139418243, 0.8292784301774461, 0.20330838182121005, -0.1707705940197103, 0.43665565160626835
0.6903823878099703, 0.12585392914832266, 0.2563966802227667, 0.11401810833390569, 0.3735694847952909, 0.002503113274699483
0.18321311804198878, 0.020666010388915045, 0.5672531423107939, 0.5563333328569996, 0.033130037813978754, 0.4898182965054113
0.43817026081068144, -0.027998772568685402, 0.8044031303214133, 0.3000824739182013, -0.06973054670470492, 0.37812849303046603
0.49147424672970175, -0.22152998510034663, 0.690567680382894, 0.5309072615866763, -0.2833041338128062, 0.24096792073300222
0.5465733131504217, 0.017965689630179898, 0.6905694555186337, 0.1524382191237411, 0.03737707731610323, 0.43665565160626835
0.500249017693667, 0.043597252821911014, 0.7197903840848593, 0.318898763095229, 0.0527169780954616, 0.07695775180170251
0.4330102225900031, 0.05374603425746907, 1.0256849090926645, 0.5258857494523269, 0.06887218259555165, 0.37812849303046603
0.6485666849143783, -0.3146264420305442, 0.3770518459494909, 0.4848433650532851, -0.45404283228664505, 0.0586192895409792
0.5873475935389486, -0.12318342677262178, 1.02105442909954, 0.36515124467544313, -0.18840071751013598, 0.02177034180021437
0.39650778452952246, 0.01909304418335394, 1.2135868236619312, 0.32802260919966963, 0.06732546091553891, 0.37812849303046603
0.8201624702688666, -0.20308367196169616, 0.9550414860930203, 0.31558818744734257, -0.3414146771288019, 0.31683075454110954
0.3370717921583505, -0.11450115079151421, 0.3215993799588196, 0.5790268928688961, -0.16885439224220428, 0.425898627713912
0.5690038897765318, -0.2928011811666126, 0.4137293305014678, 0.49353320481842855, -0.410812161631841, 0.07322718931658105
0.10149308221467994, -0.05159363976196401, 0.2889343471121222, 0.6520075941808718, -0.06709342152864656, 0.3195060656132554
0.5406279381807699, 0.2894713662229533, 0.6095119793552461, 0.5863163147214657, 0.3924207673359106, 0.07322718931658105
0.6122499460263855, -0.337269635017911, 0.6628540387917958, 0.41535088522293206, -0.5762353598918218, 0.07322718931658105
0.6518831520651708, -0.3641605402743244, 0.7254741343966965, 0.44771924340662567, -0.5863406218221776, 0.07322718931658105
0.42261017936677986, 0.031529826888229334, 0.9133155650083177, 0.376992324493494, 0.05012318956426638, 0.425898627713912
0.5987840316326841, -0.05357126599741008, 0.29735807269037634, 0.08327543662589319, -0.11835291481757755, 0.13192084452670963
0.4784623462771686, -0.26515531750303856, 0.4656096339604056, 0.5700946227381063, -0.3789824750338711, 0.48881877987171807
0.6181435658909676, -0.023462223050422427, 0.6646044598049251, 0.2513476740254493, -0.0346779910132256, 0.015388483371791589
0.7581349303514119, -0.016772086754329073, 0.6280932821641604, 0.37933143643034845, -0.026088993720663454, 0.2506762379046927
0.28449068273191824, -0.07239930513135048, 0.6128068304245575, 0.5586064103053324, -0.13394663349453997, 0.22649419600513
0.7060208404245556, -0.15076459327039102, 0.7641081018249091, 0.44127238321901446, -0.15194216917043907, 0.013982869129988194
0.6113861056336307, 0.14053631614642928, 1.3121386728337878, 0.37432644854668146, 0.18439493568506335, 0.37098710689603787
0.7005869044834729, 0.16455069028656769, 0.8302549373414391, 0.2234484799024795, 0.34157094058338466, 0.4615834223076445
0.31279245455066534, -0.010369874384173854, 2.055063419527207, 0.4458166600460292, 0.02432748000930837, 0.27618157274736604
0.4839195842183715, -0.24658858474282247, 0.5862295306913423, 0.5675969545101441, -0.3762002930672437, 0.29588005200055395
0.6142289965462289, 0.05044411744169402, 0.9266152080991787, 0.280691086663393, 0.11360114811796082, 0.43665565160626835
0.7172744448716609, -0.05117549766116535, 0.7115663509242883, 0.23242638036811317, -0.10337914361483065, 0.07322718931658105
0.8158060462586046, -0.333811212119616, 0.5359510841053716, 0.3961325465065276, -0.4821527552517819, 0.2506762379046927
0.8305088646173959, -0.19193364951448885, 0.6597613397025534, 0.3936847432924466, -0.2578247679055165, 0.22649419600513
0.42602293908733224, -0.051408809336774317, 0.8565629525094265, 0.4863465463975954, -0.06877797324305704, 0.17049340437310703
0.2810523908621243, -0.03994812223624027, 0.5396630296274931, 0.5732924790181843, -0.07676197907051763, 0.46299566661344327
0.5825090618392793, 0.057652436686708206, 0.8322932672037688, 0.4149006224938091, 0.0829498307808325, 0.27618157274736604
0.6147693124222426, -0.09024025047836752, 0.8616472658841227, 0.1820986230908919, -0.17380835461323824, 0.42897457031184216
0.4801205600027992, 0.11624373707028891, 0.6001268801666219, 0.3579869162227148, 0.20222267277038913, 0.2868892746129329
0.7981468964312443, -0.11116404272837276, 0.5407796836194564, 0.43202624285322794, -0.15020246301367948, 0.0743295258563125
0.5414095836325022, -0.051947893228268247, 0.41596488936745496, 0.0573355747115393, -0.24212269660806854, 0.22138249333444113
0.3986715480101824, -0.11823259093037912, 1.3347161453212224, 0.47163786091397036, -0.27969395284811105, 0.07926238610306091
